0.000000
0.000000
0.000000
0.000000
0.000000
0.000000
0.000000
0.000000
0.000000
0.000000
0.000000
0.000000
0.000000
0.000000
0.000000
0.000000
0.000000
0.000000
0.000000
0.000000
6.833713
6.833713
13.667426
20.501139
20.501139
20.501139
20.501139
27.334852
34.168564
34.168564
27.334852
34.168564
34.168564
34.168564
41.002277
41.002277
47.835991
47.835991
41.002277
47.835991
61.503418
54.669704
54.669704
54.669704
54.669704
54.669704
61.503418
61.503418
61.503418
61.503418
61.503418
61.503418
68.337128
61.503418
61.503418
68.337135
61.503418
61.503418
68.337135
75.170845
68.337135
75.170837
75.170845
82.004570
88.838280
88.838280
95.671982
95.671989
102.505699
95.671989
102.505692
102.505692
109.339409
116.173119
116.173119
116.173119
109.339409
109.339409
102.505692
109.339409
102.505699
116.173119
109.339409
102.505699
102.505714
102.505699
109.339409
116.173119
123.006836
129.840561
129.840546
116.173119
116.173119
123.006836
129.840546
129.840561
123.006836
123.006836
129.840546
116.173119
123.006836
123.006836
129.840546
129.840561
116.173119
116.173119
123.006836
123.006836
116.173119
123.006836
123.006836
129.840561
123.006836
123.006836
123.006836
136.674255
143.507980
136.674271
143.507980
143.507980
143.507980
143.507980
150.341690
157.175400
157.175400
143.507980
143.507980
143.507980
129.840561
136.674255
143.507980
136.674255
123.006836
123.006836
136.674255
143.507965
136.674271
143.507965
157.175400
157.175400
150.341675
150.341690
164.009094
164.009109
150.341705
157.175400
164.009094
164.009109
157.175400
150.341675
143.507980
157.175400
157.175400
143.507980
157.175400
150.341675
143.507980
150.341690
143.507965
143.507965
157.175400
157.175400
143.507980
157.175400
150.341705
157.175385
164.009109
150.341675
157.175400
157.175400
157.175400
157.175400
164.009079
150.341675
157.175400
157.175400
150.341705
164.009125
164.009109
170.842819
170.842819
164.009109
170.842819
177.676544
164.009094
164.009094
164.009109
164.009094
157.175400
150.341675
150.341690
150.341675
150.341690
157.175400
157.175385
150.341675
150.341675
150.341690
164.009094
157.175385
150.341675
150.341675
136.674255
136.674255
150.341690
150.341675
150.341675
143.507965
143.507980
150.341705
157.175400
164.009109
164.009109
164.009109
157.175415
164.009125
170.842819
170.842804
164.009109
164.009109
157.175400
157.175400
164.009109
164.009094
164.009109
150.341690
150.341690
150.341705
157.175400
164.009094
157.175400
157.175385
157.175400
164.009125
170.842819
177.676514
177.676529
177.676544
170.842819
164.009109
177.676544
177.676529
170.842819
157.175400
150.341675
150.341675
150.341690
150.341705
157.175385
157.175400
150.341675
143.507980
150.341705
157.175400
157.175400
164.009109
164.009094
157.175400
157.175400
157.175415
170.842834
177.676529
184.510239
184.510239
177.676529
177.676529
170.842819
177.676514
177.676529
177.676514
170.842819
164.009109
157.175400
150.341675
164.009109
164.009125
164.009109
177.676544
164.009109
170.842819
157.175415
150.341705
157.175385
157.175400
157.175400
150.341705
150.341675
136.674271
143.507980
143.507980
150.341675
164.009109
150.341675
157.175400
150.341705
143.507980
150.341690
150.341675
164.009109
164.009125
164.009109
157.175400
164.009109
164.009094
164.009109
177.676544
177.676529
184.510239
177.676544
164.009140
170.842819
170.842819
177.676514
177.676529
184.510239
191.343964
177.676529
177.676529
170.842804
184.510239
177.676544
184.510239
184.510239
177.676544
177.676529
164.009109
177.676514
170.842819
177.676514
177.676529
177.676544
177.676514
170.842819
170.842804
164.009109
170.842819
170.842819
170.842819
170.842819
164.009109
164.009109
157.175415
157.175415
164.009094
164.009109
170.842819
157.175400
164.009109
157.175415
150.341705
157.175400
157.175400
164.009109
150.341705
157.175400
143.507965
143.507980
143.507980
143.507965
157.175400
150.341705
157.175400
150.341675
157.175400
150.341705
150.341675
164.009109
157.175400
164.009109
164.009094
164.009109
157.175415
157.175415
164.009125
164.009109
177.676544
177.676529
184.510239
170.842834
157.175415
164.009125
164.009109
170.842819
170.842819
170.842819
164.009109
157.175400
157.175400
164.009109
177.676514
177.676529
184.510239
184.510239
170.842819
177.676514
170.842819
177.676514
177.676529
184.510239
184.510239
177.676544
177.676529
170.842804
177.676514
170.842819

177.676529
177.676529
177.676529
177.676529
164.009125
177.676544
164.009140
157.175400
164.009094
170.842819
164.009094
157.175400
157.175400
150.341675
157.175400
150.341675
164.009109
177.676529
177.676529
184.510239
170.842819
177.676544
170.842819
170.842819
170.842819
177.676529
177.676529
170.842819
170.842819
157.175400
170.842819
164.009140
157.175400
164.009094
170.842819
170.842819
164.009109
170.842819
164.009109
164.009109
157.175400
157.175400
170.842819
170.842819
170.842819
157.175400
164.009109
150.341705
143.507980
150.341690
150.341675
157.175385
150.341675
150.341675
143.507980
150.341675
143.507980
143.507980
157.175400
143.507965
157.175400
143.507965
150.341675
143.507980
136.674271
143.507980
143.507980
157.175400
150.341705
170.842819
150.341690
157.175400
150.341705
143.507980
157.175400
150.341675
157.175400
143.507980
150.341690
136.674271
143.507980
143.507980
143.507965
157.175400
150.341705
164.009109
150.341690
164.009109
150.341705
143.507980
150.341690
150.341675
164.009109
164.009125
170.842819
157.175400
164.009109
157.175400
164.009109
177.676514
170.842819
177.676529
170.842819
164.009109
157.175415
157.175415
164.009125
170.842819
177.676514
170.842819
177.676529
177.676544
170.842819
170.842819
170.842819
177.676529
170.842819
170.842819
170.842819
170.842819
170.842819
164.009140
170.842819
170.842819
177.676514
170.842819
177.676529