0.000000
0.000000
0.000000
0.000000
0.000000
0.000000
0.000000
0.000000
0.000000
0.000000
0.000000
0.000000
0.000000
0.000000
0.000000
0.000000
0.000000
0.000000
0.000000
6.833713
6.833713
13.667426
13.667426
20.501139
34.168564
41.002277
47.835991
61.503418
68.337135
75.170845
82.004570
82.004555
95.671982
88.838280
88.838280
82.004555
88.838272
82.004555
88.838272
82.004570
82.004555
88.838272
88.838272
102.505692
102.505692
109.339409
116.173119
129.840546
123.006836
136.674255
150.341690
143.507980
136.674271
143.507980
143.507965
157.175400
157.175400
143.507980
157.175400
150.341675
177.676544
170.842819
164.009109
170.842819
170.842819
177.676529
177.676514
184.510239
184.510239
191.343933
184.510239
191.343964
184.510239
191.343964
177.676529
184.510239
184.510254
177.676529
177.676544
170.842819
177.676544
170.842819
177.676544
170.842819
184.510239
170.842819
177.676514
170.842819
177.676514
170.842819
170.842804
164.009109
170.842819
170.842819
164.009109
170.842819
164.009109
170.842819
164.009140
164.009109
170.842819
170.842819
170.842819
164.009109
170.842819
164.009109
170.842819
170.842819
170.842819
177.676514
170.842819
184.510239
177.676544
184.510239
184.510239
184.510254
191.343948
184.510254
198.177658
198.177658
205.011383
198.177673
198.177658
205.011383
198.177658
205.011383
198.177673
205.011383
205.011383
205.011383
205.011383
205.011383
211.845093
211.845078
218.678818
218.678818
211.845093
211.845093
198.177658
198.177658
198.177658
191.343948
191.343948
177.676544
177.676514
177.676529
177.676514
184.510239
184.510254
184.510239
184.510239
191.343948
198.177673
205.011383
205.011383
211.845078
211.845093
205.011383
211.845093
211.845093
218.678818
211.845093
205.011383
205.011383
205.011383
198.177658
198.177658
198.177658
191.343948
191.343948
184.510239
191.343948
198.177658
198.177658
191.343948
198.177658
198.177658
198.177658
205.011383
205.011383
211.845093
211.845093
205.011383
211.845078
218.678818
211.845093
211.845093
211.845093
205.011383
205.011383
198.177658
191.343948
191.343948
184.510239
177.676514
184.510239
184.510239
184.510239
191.343964
191.343948
198.177673
198.177658
198.177658
198.177658
198.177658
198.177673
198.177658
198.177658
198.177673
191.343948
191.343964
191.343979
191.343948
184.510254
191.343948
184.510239
184.510254
184.510239
177.676544
184.510239
177.676529
177.676514
184.510239
184.510254
184.510239
184.510239
191.343948
198.177673
205.011383
205.011383
205.011383
205.011383
205.011383
205.011383
205.011383
211.845093
211.845093
205.011383
198.177658
198.177658
191.343948
198.177658
191.343964
191.343948
191.343948
177.676544
177.676514
177.676529
177.676514
184.510239
184.510254
184.510239
184.510239
184.510239
191.343964
198.177673
198.177658
205.011383
205.011383
205.011383
205.011383
205.011383
205.011383
205.011383
205.011383
198.177689
198.177658
184.510254
191.343948
184.510239
184.510254
184.510239
177.676544
184.510239
177.676529
177.676514
184.510239
184.510254
184.510239
184.510239
184.510239
191.343964
191RPM=198.177658
205.011383
211.845093
211.845093
218.678818
218.678818
211.845093
211.845093
218.678818
225.512497
225.512527
218.678818
211.845093
211.845093
211.845078
211.845093
211.845093
205.011383
205.011383
198.177658
191.343948
198.177673
198.177658
198.177658
191.343964
184.510239
191.343964
191.343979
191.343948
191.343964
191.343948
191.343964
198.177673
198.177658
205.011383
211.845093
205.011398
205.011383
205.011383
198.177658
205.011383
198.177658
191.343948
191.343948
177.676544
177.676514
184.510239
184.510239
184.510239
191.343964
184.510239
191.343964
191.343948
191.343964
198.177673
198.177658
198.177673
205.011383
205.011383
211.845078
218.678818
211.845093
211.845093
211.845093
205.011383
205.011383
198.177658
191.343948
191.343948
177.676544
177.676514
177.676529
184.510239
184.510239
191.343964
184.510239
191.343933
191.343948
191.343933
198.177658
198.177658
205.011383
205.011383
205.011383
205.011383
211.845093
211.845078
218.678818
218.678818
218.678818
211.845093
205.011383
198.177658
198.177658
191.343948
191.343948
177.676514
177.676529
177.676514
177.676529
191.343948
191.343933
191.343948
198.177658
198.177658
198.177658
205.011383
205.011383
205.011383
198.177689
198.177658
198.177658
205.011383
205.011383
211.845093
211.845093
205.011383
205.011383
198.177658
205.011383
198.177658
191.343948
191.343948
177.676544
177.676514
177.676529
177.676514
184.510239