0.000000
0.000000
0.000000
0.000000
0.000000
0.000000
0.000000
0.000000
0.000000
0.000000
0.000000
0.000000
0.000000
0.000000
0.000000
0.000000
0.000000
0.000000
0.000000
0.000000
6.833713
6.833713
13.667426
13.667426
20.501139
27.334852
27.334852
34.168564
47.835991
54.669704
68.337128
68.337135
75.170845
75.170853
82.004562
82.004555
95.671982
102.505692
102.505692
109.339409
95.671989
116.173119
123.006828
129.840561
129.840561
136.674271
136.674271
136.674271
136.674271
129.840546
143.507965
143.507965
129.840561
136.674271
136.674271
143.507980
150.341690
150.341675
157.175400
164.009109
157.175400
150.341705
157.175415
164.009094
170.842819
170.842819
164.009109
170.842819
164.009140
170.842834
170.842819
177.676529
177.676514
177.676529
170.842804
170.842819
177.676514
177.676529
177.676514
184.510239
184.510239
191.343933
191.343948
198.177673
198.177658
198.177673
191.343948
191.343964
191.343948
184.510239
191.343948
177.676544
184.510239
170.842819
177.676514
170.842819
184.510239
177.676544
184.510239
184.510239
177.676544
184.510239
177.676544
191.343948
184.510254
198.177658
184.510254
191.343964
191.343948
184.510254
198.177658
191.343979
205.011383
198.177658
205.011383
198.177673
205.011383
211.845093
211.845093
218.678818
211.845093
218.678818
218.678818
218.678818
218.678818
218.678818
211.845093
211.845078
205.011383
205.011383
205.011383
205.011383
198.177658
191.343979
191.343948
184.510239
191.343948
184.510239
184.510239
191.343948
191.343964
191.343948
198.177658
198.177658
198.177673
205.011383
205.011383
211.845078
218.678818
211.845093
205.011383
205.011383
205.011383
205.011383
205.011383
198.177658
198.177658
191.343964
191.343948
191.343964
198.177673
191.343948
191.343933
191.343948
191.343933
198.177658
191.343948
198.177658
198.177673
198.177658
205.011383
205.011383
198.177673
198.177658
198.177658
198.177673
205.011383
191.343948
191.343964
184.510239
184.510239
184.510239
184.510239
198.177658
198.177658
198.177658
198.177658
205.011383
211.845078
211.845093
205.011383
205.011383
205.011383
198.177658
198.177658
191.343948
191.343964
184.510239
184.510239
191.343948
191.343964
205.011383
205.011383
205.011383
205.011383
211.845093
218.678818
218.678818
211.845093
211.845093
205.011383
205.011383
198.177658
198.177658
198.177673
191.343948
191.343964
198.177673
198.177658
205.011383
205.011383
198.177673
205.011383
205.011383
205.011383
205.011383
198.177658
198.177658
191.343948
184.510239
184.510239
184.510239
184.510239
177.676514
184.510239
191.343964
191.343948
198.177658
198.177658
198.177673
205.011383
198.177658
205.011383
205.011383
198.177658
191.343979
191.343948
184.510239
184.510254
184.510239
184.510239
184.510239
184.510239
184.510239
184.510239
191.343964
184.510239
191.343964
198.177673
198.177658
205.011383
211.845093
205.011398
211.845093
205.011383
211.845078
211.845093
205.011383
198.177658
198.177658
191.343948
191.343964
198.177658
198.177658
198.177658
191.343933
198.177658
198.177658
205.011383
205.011383
211.845093
211.845093
205.011383
205.011383
211.845093
211.845093
205.011383
205.011383
198.177658
198.177658
191.343948
184.510239
184.510239
184.510239
177.676514
184.510239
191.343948
191.343964
198.1383
211.845093
205.011398
211.845093
211.845093
211.845093
218.678818
205.011383
205.011383
198.177658
198.177658
191.343948
191.343948
191.343948
191.343964
191.343948
191.343964
198.177658
205.011383
205.011383
198.177658
198.177658
198.177658
198.177658
198.177658
198.177658
198.177673
191.343948
191.343933
198.177658
198.177658
211.845078
205.011383
205.011383
205.011383
205.011383
205.011383
205.011383
198.177658
198.177658
191.343948
184.510239
184.510239
184.510239
184.510239
184.510239
184.510239
191.343964
184.510239
191.343933
198.177658
198.177658
211.845078
211.845093
211.845093
211.845093
211.845093
211.845093
218.678818
205.011383
205.011383
198.177658
198.177658
198.177658
198.177658
205.011383
205.011383
205.011383
205.011383
205.011383
211.845078
211.845093
205.011383
205.011383
198.177658
198.177658
191.343979
191.343948
191.343964
198.177658
198.177673
205.011383
205.011383
211.845078
218.678818
211.845093
225.512497
225.512527
225.512527
225.512527
211.845093
211.845093
205.011383
198.177658
198.177658
191.343948
191.343948
184.510254
184.510239
184.510239
184.510239
191.343964
198.177673
198.177658
205.011383
205.011383
198.177673
198.177658
198.177658
198.177673
205.011383
191.343948
191.343964
184.510239
184.510239
191.343948
191.343964
205.011383
205.011383
205.011383
205.011383
205.011383
211.845078
211.845093
205.011383
198.177658
198.177658
198.177658
191.347658
198.177673
211.845078
211.845093
205.011398
205.011383
205.011383
205.011383
205.011383
198.177658
198.177658
191.343948
191.343964
184.510239
184.510239
198.177673
191.343948
191.343964
198.177673
198.177658
205.011383
205.011383
198.177673
198.177658
198.177658
191.343964
191.343948
191.343948
191.343964
184.510239
184.510239
191.343948
191.343964
205.011383
198.177658
198.177673
211.845078
211.845093
211.845093
211.845093
205.011383
205.011383
198.177658
191.343964
191.343948
191.343948
191.343964
184.510239
184.510239
191.343964
191.343948
198.177658
205.011383
205.011398
218.678818
218.678818
211.845093
211.845093
211.845093
211.845093
211.845093
198.177658
198.177658
191.343948
191.343964
184.510239
184.510239
198.177658
191.343948
191.343948
191.343964
198.177658
205.011383
205.011383
198.177673
198.177658
198.177658
191.343964
191.343948
191.343948
191.343964
184.510239
184.510239
191.343948
191.343964
205.011383
198.177658
198.177673
211.845078
211.845093
211.845093
218.678818
205.011383
205.011383
198.177658
191.343964
191.343948
191.343948
191.343948
184.510254
184.510239
184.510239
184.510239
191.343964
198.177658
198.177673
211.845078
211.845093
205.011398
205.011383
205.011383
205.011383
205.011383
198.177658
198.177658
191.343948
191.343964
184.510239
184.510239
198.177673
191.343948
191.343964
198.177673
198.177658
205.011383
205.011383
198.177673
198.177658