0.000000
0.000000
0.000000
0.000000
0.000000
0.000000
0.000000
0.000000
0.000000
0.000000
0.000000
0.000000
0.000000
0.000000
0.000000
0.000000
0.000000
0.000000
0.000000
6.833713
6.833713
6.833713
13.667426
20.501139
20.501139
20.501139
20.501139
20.501139
20.501139
13.667426
13.667426
13.667426
6.833713
0.000000
0.000000
0.000000
6.833713
6.833713
6.833713
13.667426
13.667426
13.667426
13.667426
13.667426
20.501139
20.501139
13.667426
13.667426
20.501139
13.667426
13.667426
20.501139
20.501139
20.501139
13.667426
13.667426
13.667426
20.501139
20.501139
27.334852
27.334852
20.501139
27.334852
27.334852
34.168564
41.002277
41.002277
34.168564
27.334852
34.168564
34.168564
34.168564
27.334852
27.334852
34.168564
27.334852
27.334852
27.334852
34.168564
34.168564
41.002277
41.002277
47.835991
54.669704
47.835991
47.835991
54.669704
61.503418
61.503418
47.835991
41.002277
47.835991
47.835991
41.002277
41.002277
47.835991
47.835991
41.002277
41.002277
47.835991
54.669704
47.835991
54.669704
61.503418
54.669704
54.669704
54.669704
68.337128
68.337135
68.337135
68.337135
68.337128
61.503418
61.503418
61.503418
61.503418
68.337128
54.669704
54.669704
54.669704
54.669704
54.669704
61.503418
61.503418
61.503418
68.337128
61.503418
61.503418
68.337128
68.337135
61.503418
68.337135
61.503418
61.503418
75.170845
68.337135
68.337135
82.004555
75.170853
75.170853
88.838280
88.838272
88.838272
95.671989
82.004555
88.838264
88.838272
75.170853
82.004562
82.004555
68.337135
75.170845
75.170837
68.337135
82.004555
68.337135
75.170845
82.004555
75.170853
82.004555
82.004562
75.170853
75.170853
75.170837
68.337135
68.337128
61.503418
68.337128
68.337135
61.503418
75.170845
75.170853
82.004562
82.004570
88.838264
95.671989
95.671989
95.671982
88.838272
95.671989
88.838272
88.838272
88.838264
82.004562
82.004562
75.170837
75.170837
75.170845
82.004555
82.004562
82.004555
82.004555
82.004555
95.671989
88.838272
95.671989
102.505692
95.671989
95.671989
88.838272
88.838272
88.838272
82.004555
82.004562
82.004555
82.004555
82.004562
88.838280
95.671989
88.838272
95.671982
95.671989
95.671989
88.838272
88.838272
95.671982
88.838272
88.838272
82.004555
95.671989
88.838280
95.671989
95.671989
95.671989
95.671974
88.838272
95.671989
88.838272
95.671989
88.838272
95.671989
88.838280
88.838280
82.004555
88.838264
95.671989
95.671982
102.505692
102.505692
109.339409
102.505699
109.339409
109.339409
123.006836
116.173119
116.173119
109.339409
102.505699
95.671974
95.671982
95.671974
95.671982
95.671974
95.671982
95.671989
95.671989
95.671989
95.671989
88.838264
88.838264
95.671989
95.671982
95.671974
88.838272
88.838272
82.004570
88.838264
88.838272
102.505692
102.505692
102.505699
88.838280
95.671989
95.671989
95.671989
95.671974
95.671982
102.505692
102.505692
88.838272
88.838272
95.671989
88.838280
88.838272
95.671982
102.505692
102.505692
95.671989
88.838272
95.671989
88.838280
95.671982
102.505692
102.505692
102.505692
102.505699
95.671997
95.671989
95.671989
102.505692
102.505699
102.505692
95.671989
109.339409
95.671989
95.671989
95.671989
102.505692
109.339409
109.339409
109.339409
109.339409
116.173119
102.505692
109.339409
102.505699
109.339409
102.505699
109.339409
109.339409
116.173119
109.339409
102.505699
109.339409
102.505692
109.339409
102.505699
109.339409
102.505692
102.505699
95.671989
95.671989
102.505692
95.671974
109.339409
102.505699
116.173119
102.505699
102.505699
95.671989
95.671989
102.505692
102.505692
109.339409
102.505699
109.339409
95.671989
109.339409
102.505699
116.173119
123.006836
116.173119
116.173119
109.339409
116.173119
109.339409
116.173119
116.173119
123.006836
116.173119
109.339409
116.173119
109.339409
109.339409
102.505699
116.173119
116.173119
116.173119
116.173119
109.339417
116.173119
109.339417
109.339417
116.173119
123.006836
116.173119
109.339409
109.339409
102.505699
102.505692
95.671989
109.339409
116.173119
116.173119
116.173119
109.339417
116.173119
109.339417
6.173119
109.339409
95.671989
95.671989
95.671982
95.671989
102.505692
95.671989
88.838264
95.671974
95.671989
95.671982
95.671989
102.505692
102.505692
109.339409
109.339409
109.339409
123.006836
109.339409
123.006828
123.006836
123.006836
123.006836
116.173119
109.339409
109.339409
109.339409
116.173119
109.339409
102.505692
95.671989
95.671989
95.671982
95.671989
102.505692
95.671989
95.671989
88.838272
95.671989
95.671982
95.671989
102.505692
102.505692
109.339409
109.339409
109.339409
109.339409
109.339409
116.173119
116.173119
116.173119
116.173119
109.339417
95.671982
102.505692
102.505699
116.173119
109.339409
102.505692
102.505692
102.505692
102.505692
109.339409
123.006836
109.339417
109.339409
102.505692
109.339409
116.173119
116.173119
116.173119
116.173119
109.339409
109.339409
123.006828
123.006836
123.006836
116.173119
109.339409
109.339409
116.173119
123.006828
116.173119
116.173119
102.505699
102.505692
102.505692
109.339409
116.173119
109.339409
95.671989
95.671989
102.505692
109.339409
109.339409
109.339409
109.339409
102.505692
102.505692
109.339409
123.006836
123.006836
123.006836
116.173119
123.006836
129.840561
136.674255
136.674271
129.840561
123.006836
116.173119
109.339409
109.339409
116.173119
109.339409
102.505699
95.671989
95.671989
109.339409
109.339409
109.339409
109.339409
109.339409
102.505692
109.339409
116.173119
109.339417
109.339409